Numbers
0.15 -0.055
0.9 -0.06
0.45 -0.055
0.75 -0.06
1.05 -0.065
1.35 -0.06
1.65 -0.055
1.8 -0.06
2.1 -0.065
2.4 -0.065
2.7 -0.06
3 -0.06
3.3 -0.065
3.45 -0.06
3.75 -0.05
3.9 -0.06
4.2 -0.05
4.5 -0.03
4.65 0.01
4.95 0.055
5.25 0.075
5.55 0.04
5.85 -0.03
6 -0.055
6.3 -0.055
6.6 -0.055
6.9 -0.06
7.2 -0.06
7.35 -0.055
7.5 -0.055
7.8 -0.04
8.1 -0.04
8.4 -0.02
8.7 0.06
8.85 0.15
9.15 0.455
9.45 0.645
9.75 0.995
9.9 1.02
10.2 1.145
10.5 0.91
10.65 0.49
10.95 0.14
11.25 -0.015
11.4 -0.03
11.7 -0.06
12 -0.04
12.3 -0.05
12.6 -0.045
12.75 -0.02
13.05 0.045
13.35 0.17
13.65 0.465
13.8 0.77
13.95 1.125
14.25 1.545
14.55 1.9
14.85 2.14
15.15 2.185
15.3 1.895
15.6 1.46
15.9 0.97
16.2 0.495
16.35 0.155
16.65 0.03
16.95 0.005
17.25 0.01
17.4 0.035
17.7 0.1
17.85 0.285
18.15 0.515
18.45 0.895
18.75 1.27
18.9 1.63
19.2 2.09
19.5 2.55
19.8 3.02
19.95 3.3
20.25 3.2
20.55 2.875
20.7 2.415
21 1.895
21.3 1.23
21.45 1.06
21.75 0.815
22.05 0.56
22.35 0.65
22.5 0.7
22.8 0.855
23.1 1.065
23.4 1.38
23.7 1.635
23.85 2.13
24 2.695
24.3 3.755
24.6 3.845
24.9 4.3
25.05 4.44
25.35 4.41
25.65 3.975
25.95 3.58
26.1 3.33
26.4 2.735
26.7 2.595
27 2.18
27.3 2.51
27.45 1.89
27.6 2.485
27.9 2.23
28.2 2.36
28.5 2.48
28.65 2.91
28.95 3.48
29.25 4.38
29.55 4.985
29.85 5.62
30 5.99
30.3 6.225
30.6 6.48
30.75 6.18
31.05 5.995
31.2 5.71
31.5 5.405
31.8 5.175
31.95 5.205
31.95 5.215
31.95 5.23
31.95 5.205
31.95 5.2
31.95 5.225
31.95 5.23
31.95 4.915
31.95 5.215
31.95 4.92
31.95 5.235
31.95 5.26
31.95 5.295
31.95 5.295
31.95 5.31
31.95 5.295
31.95 5.26
31.95 5.305
31.95 5.295
31.95 5.29
31.95 5.295
31.95 5.325
31.95 5.295
31.95 5.16
31.95 5.355
