1.05 -0.02
0.6 -0.015
0.75 -0.02
1.05 -0.01
1.35 -0.015
1.65 -0.005
1.95 -0.005
2.1 0
2.7 0.025
2.7 -0.01
3 0.03
3.3 0.04
3.45 0.055
3.6 0.115
3.9 0.2
4.2 0.33
4.5 0.49
4.8 0.655
5.25 0.635
5.4 0.49
5.55 0.515
5.85 0.32
6.15 0.155
6.3 0.075
6.6 0.04
6.9 0.025
7.2 0.025
7.35 0.05
7.65 0.12
7.95 0.21
8.1 0.3
8.4 0.45
8.7 0.65
8.85 0.88
9.15 1.12
9.45 1.39
9.75 1.59
10.05 1.675
10.2 1.545
10.5 1.045
10.65 0.835
10.95 0.495
11.25 0.295
11.55 0.165
11.7 0.115
12 0.11
12.3 0.145
12.6 0.24
12.9 0.38
13.2 0.675
13.35 0.805
13.65 1.11
13.95 1.445
14.1 1.81
14.25 2.175
14.55 2.465
14.85 2.605
15.15 2.475
15.45 2.105
15.75 1.235
15.9 1.225
16.2 0.835
16.5 0.575
16.65 0.45
16.95 0.395
17.25 0.4
17.4 0.47
17.7 0.595
18 0.795
18.45 1.34
18.45 1.425
18.75 1.835
19.05 2.295
19.35 2.76
19.5 3.165
19.8 3.425
20.1 3.445
20.4 3.23
20.55 2.85
21 1.88
21.15 1.705
21.3 1.49
21.6 1.21
21.9 1.04
22.05 0.945
22.35 0.925
22.65 1.01
22.95 1.155
23.1 1.41
23.7 2.21
23.7 2.35
23.85 2.665
24.15 3.215
24.3 3.72
24.6 4.14
24.9 4.455
25.2 4.56
25.5 4.47
25.65 4.19
26.25 3.22
26.25 3.295
26.55 1.795
26.7 2.625
27 2.375
27.15 2.23
27.45 2.15
27.75 2.16
28.05 2.31
28.2 2.595
28.5 2.995
28.95 3.745
29.1 4.08
29.25 4.715
29.55 5.31
29.85 5.81
30.15 6.16
30.45 6.3
30.45 6.28
30.75 6.05
31.05 5.77
31.5 5.095
31.65 5.095
31.8 4.925
31.95 4.94
31.95 4.935
31.95 4.925
31.95 4.91
31.95 4.94
31.95 4.915
31.95 4.89
31.95 4.945
31.95 4.935
31.95 4.925
31.95 4.93
31.95 4.935
31.95 4.935
31.95 4.93
31.95 4.935
31.95 4.94
31.95 4.95
31.95 4.945
31.95 4.975
31.95 4.96
31.95 4.88
31.95 4.9
31.95 4.91
31.95 4.92
