Numbers
1.35 0.025
0.3 -0.02
0.9 0.03
0.75 0.035
1.05 0.035
1.35 0.035
1.65 0.04
1.8 0.04
2.1 0.055
2.4 0.06
2.7 0.065
3 0.085
3.15 0.07
3.45 0.085
3.75 0.13
3.9 0.175
4.2 0.225
4.5 0.265
4.65 0.34
4.95 0.415
5.25 0.435
5.55 0.39
5.7 0.305
6 0.19
6.3 0.13
6.6 0.1
6.9 0.095
7.05 0.09
7.2 0.09
7.5 -0.05
7.8 0.155
8.1 0.22
8.4 0.29
8.55 0.37
8.85 0.475
9.15 0.62
9.45 0.74
9.75 0.875
9.9 0.925
10.2 0.88
10.5 0.74
10.65 0.545
10.95 0.395
11.1 0.235
11.4 0.195
11.7 0.18
12 0.155
12.3 0.165
12.45 0.2
12.75 0.295
13.05 0.38
13.35 0.5
13.5 0.625
13.8 0.785
14.1 0.985
14.25 1.17
14.55 1.345
14.7 1.44
15 1.355
15.3 1.19
15.6 0.965
15.9 0.735
16.05 0.54
16.35 0.39
16.65 0.305
16.95 0.255
17.25 0.275
17.4 0.33
17.55 0.425
17.85 0.475
18.15 0.62
18.45 0.795
18.6 1.015
18.9 1.275
19.2 1.52
19.5 1.74
19.65 1.9
19.95 1.925
20.25 1.82
20.55 1.575
20.7 1.3
20.85 0.99
21.15 0.76
21.45 0.585
21.75 0.525
22.05 0.485
22.2 0.49
22.5 0.525
22.8 0.64
23.1 0.785
23.25 0.96
23.55 1.19
23.85 1.43
24 1.725
24.3 2.03
24.45 2.285
24.75 2.41
25.05 2.395
25.35 2.26
25.5 2.035
25.8 1.735
26.1 1.44
26.4 1.215
26.7 1.025
26.85 0.865
27.15 0.8
27.3 0.81
27.6 0.9
27.9 0.99
28.05 1.105
28.35 1.36
28.65 1.64
28.95 1.945
29.1 2.28
29.4 2.585
29.7 2.81
30 2.92
30.3 2.96
30.45 2.855
30.6 2.63
30.9 2.44
31.2 2.16
31.5 1.93
31.65 1.74
31.95 1.66
31.95 1.655
31.95 1.62
31.95 1.65
31.95 1.615
31.95 1.62
31.95 1.645
31.95 1.7
31.95 1.66
31.95 1.66
31.95 1.65
31.95 1.655
31.95 1.65
31.95 1.645
31.95 1.635
31.95 1.625
31.95 1.62
31.95 1.61
31.95 1.575
31.95 1.63
31.95 1.635
31.95 1.62
31.95 1.61
31.95 1.625
31.95 1.615
