0.6 0.47
0.6 -0.04
0.75 -0.05
0.9 -0.04
1.2 -0.04
1.5 -0.03
1.8 -0.035
1.95 -0.045
2.25 -0.04
2.85 -0.035
3 -0.01
3.15 -0.02
3.45 -0.02
3.6 -0.01
3.9 0.005
4.05 0.03
4.35 0.055
4.65 0.145
4.8 0.19
5.1 0.25
5.7 0.3
5.7 0.355
6 0.175
6.15 0.05
6.45 0.015
6.75 0.005
7.05 -0.01
7.35 -0.015
7.65 -0.005
7.65 0.01
8.25 0.1
8.4 0.14
8.55 0.155
8.85 0.23
9 0.39
9.3 0.48
9.6 0.675
9.9 0.815
10.2 0.9
10.35 0.895
10.95 0.56
10.95 0.36
11.1 0.35
11.4 0.145
11.7 0.075
11.85 0.05
12.15 0.03
12.45 0.045
12.75 0.07
12.9 0.12
13.2 0.19
13.65 0.34
13.8 0.52
14.1 0.675
14.25 0.9
14.55 1.04
14.7 1.29
15 1.4
15.3 1.405
15.6 1.245
15.75 1.01
16.2 0.665
16.35 0.535
16.65 0.34
16.95 0.265
17.1 0.215
17.4 0.205
17.7 0.17
18 0.235
18.15 0.375
18.3 0.51
18.75 0.85
18.9 0.895
19.2 1.125
19.35 1.42
19.65 1.585
19.95 1.75
20.25 1.855
20.55 1.785
20.7 1.57
21 1.34
21.45 0.915
21.45 0.86
21.75 0.705
21.9 0.615
22.2 0.575
22.5 0.56
22.8 0.565
23.1 0.625
23.25 0.69
23.55 0.855
24 1.22
24.15 1.315
24.3 1.575
24.45 1.85
24.75 2.04
25.05 2.21
25.35 2.2
25.65 2.165
25.8 1.985
26.1 1.835
26.7 1.545
26.7 1.36
27 1.355
27.15 1.2
27.45 1.13
27.75 1.09
27.9 1.1
28.2 1.11
28.35 1.24
28.65 1.4
29.25 1.9
29.25 1.82
29.4 2.115
29.7 2.32
30 2.545
30.3 2.685
30.6 2.75
30.75 2.745
31.05 2.65
31.2 2.605
31.8 2.33
31.8 2.385
31.95 2.33
31.95 2.325
31.95 2.33
31.95 2.33
31.95 2.31
31.95 2.315
31.95 2.315
31.95 2.31
31.95 2.315
31.95 2.395
31.95 2.325
31.95 2.355
31.95 2.32
31.95 2.315
31.95 2.31
31.95 2.315
31.95 2.3
31.95 2.295
31.95 2.305
31.95 2.35
31.95 2.32
31.95 2.32
31.95 2.32
31.95 2.315
31.95 2.33
31.95 2.325
