Numbers
0.75 -0.055
0 -0.045
0 -0.05
1.8 -0.05
1.8 -0.045
2.1 -0.065
2.25 -0.05
2.4 -0.045
2.25 -0.055
1.65 -0.05
2.55 -0.045
2.1 -0.045
2.4 -0.045
2.7 -0.04
3.15 -0.02
3.75 -0.035
3.45 -0.035
3.75 -0.025
3.9 -0.03
4.2 -0.015
4.5 -0.015
4.8 -0.005
5.1 0
5.25 0
5.7 -0.01
5.85 -0.005
6.15 -0.01
6.45 -0.015
6.45 -0.015
6.75 -0.01
7.05 -0.01
7.35 -0.01
7.65 -0.01
7.8 -0.01
8.25 0.03
8.4 0.015
8.7 0.025
9 0.06
9.15 0.09
9.45 0.11
9.75 0.145
10.05 0.185
10.2 0.165
10.5 0.135
10.95 0.09
10.95 0.045
11.25 0.03
11.55 0.01
11.7 0.02
12 0.03
12.3 0.03
12.6 0.035
12.9 0.055
13.05 0.085
13.65 0.205
13.65 0.11
13.8 0.235
14.1 0.295
14.4 0.39
14.55 0.415
14.85 0.44
15.15 0.39
15.45 0.305
15.6 0.22
16.2 0.04
16.2 0.115
16.5 0.08
16.8 0.07
17.1 0.085
17.1 0.08
17.4 0.095
17.7 0.15
18 0.175
18.3 0.25
18.9 0.41
18.9 0.48
19.05 0.51
19.35 0.625
19.5 0.68
19.8 0.71
20.1 0.65
20.4 0.56
20.55 0.435
20.7 0.325
21 0.22
21.45 0.185
21.6 0.155
21.9 0.15
22.05 0.14
22.35 0.175
22.65 0.22
22.95 0.3
23.1 0.36
23.4 0.465
23.7 0.6
24.15 0.75
24.15 0.83
24.3 0.93
24.6 0.955
24.9 0.95
25.2 0.855
25.5 0.745
25.65 0.595
25.95 0.48
26.25 0.375
26.7 0.18
26.85 0.28
26.85 0.265
27.15 0.29
27.45 0.32
27.75 0.39
28.05 0.47
28.2 0.575
28.5 0.7
28.8 0.835
29.25 1.02
29.25 1.11
29.55 1.195
29.85 1.215
30.15 1.17
30.3 1.075
30.45 0.94
30.75 0.805
31.05 0.675
31.35 0.565
31.8 0.445
31.8 0.325
31.95 0.435
31.95 0.435
31.95 0.435
31.95 0.425
31.95 0.425
31.95 0.405
31.95 0.42
31.95 0.42
31.95 0.315
31.95 0.335
31.95 0.415
31.95 0.405
31.95 0.4
31.95 0.405
31.95 0.4
31.95 0.395
31.95 0.245
31.95 0.405
31.95 0.26
