Numbers
0.15 0.01
1.5 0.05
1.05 0.005
0.75 0.015
1.05 0.01
1.35 0.01
1.65 0.01
1.95 0.02
2.1 0.05
2.4 0.03
2.7 0.02
3 0.035
3.3 0.04
3.45 0.06
3.75 0.07
4.05 0.085
4.35 0.095
4.5 0.16
4.8 0.195
4.95 0.22
5.25 0.22
5.55 0.18
5.85 0.135
6.15 0.105
6.3 0.08
6.6 0.065
6.9 0.065
7.2 0.065
7.5 0.075
7.65 0.095
7.8 0.12
8.1 0.145
8.4 0.195
8.7 0.25
8.85 0.32
9.15 0.4
9.45 0.495
9.75 0.57
10.05 0.59
10.2 0.53
10.5 0.41
10.8 0.295
11.1 0.205
11.25 0.145
11.4 0.115
11.7 0.105
12 0.12
12.3 0.13
12.6 0.165
12.75 0.22
13.05 0.28
13.35 0.37
13.65 0.47
13.95 0.585
14.1 0.715
14.4 0.855
14.55 0.96
14.85 0.99
15.15 0.91
15.3 0.735
15.6 0.57
15.9 0.415
16.2 0.29
16.5 0.215
16.65 0.165
16.95 0.165
17.25 0.19
17.55 0.245
17.7 0.315
17.85 0.39
18.15 0.52
18.45 0.655
18.75 0.825
18.9 1
19.2 1.17
19.5 1.34
19.8 1.405
20.1 1.35
20.25 1.21
20.55 1
20.85 0.775
21.15 0.59
21.3 0.435
21.45 0.365
21.75 0.3
22.05 0.31
22.35 0.33
22.5 0.41
22.8 0.505
23.1 0.635
23.4 0.795
23.7 0.97
23.85 1.19
24.15 1.425
24.45 1.63
24.6 1.78
24.9 1.835
25.05 1.75
25.35 1.565
25.65 1.34
25.95 1.11
26.1 0.905
26.4 0.74
26.7 0.63
27 0.57
27.3 0.56
27.45 0.57
27.75 0.64
27.9 0.74
28.2 0.955
28.5 1.13
28.65 1.365
28.95 1.63
29.25 1.885
29.55 2.1
29.85 2.24
30 2.29
30.3 2.215
30.6 2.07
30.9 1.85
31.05 1.645
31.2 1.41
