Numbers
0.15 0.275
0.45 -0.025
0.6 -0.01
0.9 -0.005
1.05 -0.005
1.35 -0.01
1.65 -0.005
1.95 0
2.1 -0.015
2.4 -0.01
2.7 -0.005
3 0
3.3 0.02
3.6 0.045
3.75 0.11
4.05 0.18
4.2 0.325
4.5 0.445
4.8 0.51
4.95 0.7
5.25 0.61
5.55 0.56
5.85 0.37
6.15 0.145
6.3 0.055
6.6 0.015
6.9 0.035
7.2 0.04
7.5 0.05
7.65 0.09
7.8 0.145
8.1 0.265
8.4 0.37
8.7 0.565
8.85 0.765
9.15 0.95
9.45 1.19
9.75 1.455
10.05 1.585
10.2 1.53
10.5 1.29
10.8 0.92
10.95 0.605
11.25 0.305
11.4 0.185
11.7 0.115
12 0.115
12.3 0.175
12.6 0.225
12.75 0.4
13.05 0.53
13.35 0.755
13.65 0.985
13.95 1.275
14.1 1.6
14.25 1.965
14.55 2.215
14.85 2.425
15.15 2.455
15.3 2.215
15.6 1.805
15.9 1.365
16.2 0.975
16.5 0.685
16.65 0.525
16.95 0.43
17.25 0.41
17.55 0.475
17.7 0.615
17.85 0.735
18.15 1.005
18.45 1.33
18.75 1.66
19.05 2.06
19.2 2.49
19.5 2.915
19.8 3.22
20.1 3.32
20.25 3.25
20.55 2.9
20.85 2.485
21 2.06
21.3 1.545
21.45 1.31
21.75 1.13
22.05 1.025
22.35 1
22.65 1.035
22.8 1.125
23.1 1.34
23.4 1.645
23.7 1.975
23.85 2.43
24.15 2.865
24.3 3.37
24.6 3.835
24.9 4.09
25.05 4.205
25.35 4.145
25.65 3.86
25.95 3.495
26.25 3.11
26.4 2.74
26.7 2.435
27 2.22
27.3 2.08
27.45 2.005
27.6 1.985
27.9 2.065
28.2 2.26
28.5 2.56
28.8 2.96
28.95 3.44
29.25 3.97
29.55 4.485
29.85 4.93
30 5.28
30.3 5.465
30.6 5.47
30.75 5.315
31.05 5.075
31.2 4.825
31.5 4.535
31.8 4.315
31.95 4.32
31.95 4.355
31.95 4.34
31.95 4.345
31.95 4.345
31.95 4.34
31.95 4.345
31.95 4.325
31.95 4.335
31.95 4.335
31.95 4.325
31.95 4.325
31.95 4.335
31.95 4.32
31.95 4.355
31.95 4.365
31.95 4.35
31.95 4.34
31.95 4.355
31.95 4.35
31.95 4.33
31.95 4.36
31.95 4.31
31.95 4.35
31.95 4.325
