Numbers
0.15 -0.01
0.3 0.1
0.45 -0.01
0.75 -0.015
1.05 -0.015
1.35 -0.015
1.65 -0.015
1.8 -0.015
2.1 -0.005
2.4 0
2.7 0
3 0.01
3.3 0.025
3.45 0.035
3.75 0.055
3.9 0.12
4.2 0.205
4.5 0.305
4.65 0.44
4.95 0.555
5.25 0.605
5.55 0.55
5.85 0.385
6 0.205
6.3 0.095
6.6 0.04
6.9 0.015
7.2 0.01
7.5 0.03
7.5 0.045
7.8 0.085
8.1 0.17
8.4 0.295
8.7 0.445
8.85 0.63
9.15 0.835
9.45 1.07
9.75 1.265
10.05 1.415
10.2 1.415
10.5 1.205
10.8 0.89
10.95 0.55
11.25 0.365
11.4 0.16
11.7 0.1
12 0.075
12.3 0.095
12.6 0.15
12.75 0.215
13.05 0.34
13.35 0.535
13.65 0.765
13.95 1.035
14.1 1.355
14.25 1.7
14.55 2.035
14.85 2.175
15.15 2.215
15.3 2.01
15.6 1.665
15.9 1.255
16.2 0.88
16.5 0.56
16.65 0.375
16.95 0.3
17.25 0.285
17.55 0.34
17.7 0.395
17.85 0.59
18.15 0.76
18.45 1.03
18.75 1.325
19.05 1.725
19.2 2.135
19.5 2.52
19.8 2.86
20.1 3.005
20.25 2.895
20.55 2.64
20.85 2.315
21 1.81
21.3 1.44
21.6 1.145
21.75 0.935
22.05 0.805
22.35 0.755
22.65 0.78
22.8 0.86
23.1 1.005
23.4 1.235
23.7 1.57
24 1.965
24.15 2.42
24.3 2.91
24.6 3.365
24.9 3.66
25.2 3.795
25.35 3.735
25.65 3.5
25.95 3.185
26.25 2.795
26.55 2.45
26.7 2.21
27 1.935
27.3 1.775
27.45 1.675
27.75 1.66
27.9 1.685
28.2 1.845
28.5 2.145
28.8 2.54
29.1 2.97
29.25 3.38
29.55 3.9
29.85 4.35
30.15 4.685
30.3 4.84
30.6 4.91
30.75 4.815
31.05 4.59
31.35 4.34
31.5 4.085
31.8 3.95
31.95 3.92
31.95 3.92
31.95 3.95
31.95 3.945
31.95 3.925
31.95 3.91
31.95 3.925
31.95 3.94
31.95 3.895
31.95 3.94
31.95 3.955
31.95 3.955
31.95 3.925
31.95 3.915
31.95 3.905
31.95 3.88
31.95 3.89
31.95 3.9
31.95 3.92
31.95 3.95
31.95 4.01
31.95 3.935
31.95 3.93
31.95 3.895
31.95 3.84
