Numbers
4.35 -0.05
0.3 -0.035
0.75 -0.025
0.75 -0.04
1.05 -0.045
1.35 -0.045
1.65 -0.04
1.8 -0.045
2.1 -0.04
2.4 -0.04
2.7 -0.035
3 -0.025
3.15 -0.02
3.45 -0.005
3.75 0.01
3.9 0.045
4.2 0.145
4.5 0.185
4.65 0.3
4.95 0.43
5.25 0.43
5.55 0.36
5.85 0.19
6 0.075
6.3 0.015
6.6 -0.01
6.9 -0.015
7.2 -0.015
7.35 -0.01
7.5 0.005
7.8 0.035
8.1 0.1
8.4 0.21
8.7 0.36
8.85 0.475
9.15 0.755
9.45 0.885
9.75 1.175
9.9 1.265
10.2 1.24
10.5 0.99
10.65 0.645
10.95 0.34
11.1 0.135
11.4 0.03
11.7 0.01
12 0.015
12.3 0.025
12.45 0.08
12.75 0.22
13.05 0.3
13.35 0.495
13.65 0.71
13.8 0.975
14.1 1.32
14.25 1.58
14.55 1.865
14.85 2.045
15 2.02
15.3 1.78
15.6 1.38
15.9 0.985
16.2 0.635
16.35 0.35
16.65 0.225
16.95 0.17
17.25 0.18
17.55 0.255
17.55 0.365
17.85 0.505
18.15 0.745
18.45 1.02
18.75 1.35
18.9 1.72
19.2 2.13
19.5 2.505
19.8 2.77
19.95 2.87
20.25 2.73
20.55 2.445
20.7 2.015
21 1.53
21.15 1.165
21.45 0.895
21.75 0.73
22.05 0.66
22.35 0.7
22.5 0.755
22.8 0.865
23.1 1.09
23.4 1.355
23.7 1.67
23.85 2.12
24 2.52
24.3 2.96
24.6 3.355
24.9 3.615
25.05 3.69
25.35 3.555
25.65 3.26
25.95 2.875
26.1 2.495
26.4 2.15
26.7 1.875
27 1.625
27.3 1.53
27.45 1.605
27.6 1.56
27.9 1.665
28.2 2.03
28.5 2.18
28.65 2.59
28.95 3.045
29.25 3.65
29.55 4.015
29.85 4.425
30 4.77
30.3 4.8
30.6 4.76
30.75 4.685
30.9 4.305
31.2 4.07
31.5 3.8
31.8 3.55
31.95 3.54
31.95 3.55
31.95 3.555
31.95 3.585
31.95 3.54
31.95 3.52
31.95 3.525
31.95 3.52
31.95 3.58
31.95 3.565
31.95 3.58
31.95 3.575
31.95 3.695
31.95 3.64
31.95 3.695
31.95 3.55
31.95 3.495
31.95 3.565
31.95 3.64
31.95 3.58
31.95 3.68
31.95 3.64
31.95 3.62
31.95 3.67
31.95 3.645
