Numbers
1.2 0.47
1.2 0.055
1.65 0.005
0.9 -0.005
1.2 0.005
1.65 -0.005
1.65 0
1.95 0.01
2.25 0.005
2.55 0.01
2.85 0.02
3.15 0.035
3.3 0.03
3.6 0.04
3.9 0.065
4.2 0.085
4.2 0.145
4.5 0.19
4.8 0.245
5.1 0.275
5.4 0.28
5.55 0.195
5.85 0.125
6.15 0.075
6.45 0.05
6.75 0.045
7.05 0.02
7.35 0.04
7.5 0.035
7.8 0.06
7.95 0.17
8.7 0.315
8.85 0.365
9.15 0.405
9.15 0.5
9.45 0.595
9.6 0.77
10.2 0.715
10.2 0.72
10.35 0.645
10.5 0.475
10.8 0.325
11.1 0.17
11.25 0.095
11.55 0.04
11.85 0.05
12 0.075
12.3 0.08
12.6 0.145
12.9 0.22
13.2 0.3
13.35 0.41
13.65 0.555
13.95 0.74
14.25 0.91
14.4 1.1
14.55 1.28
14.85 1.275
15.15 1.155
15.45 0.985
15.6 0.73
15.9 0.46
16.2 0.275
16.5 0.185
16.8 0.125
16.95 0.14
17.25 0.145
17.55 0.205
17.85 0.33
18 0.415
18.15 0.56
18.45 0.765
18.75 1.005
19.05 1.255
19.35 1.53
19.5 1.725
19.8 1.85
20.1 1.8
20.4 1.62
20.55 1.325
20.85 1.05
21.15 0.72
21.3 -0.035
21.6 0.42
21.9 0.33
22.05 0.32
22.35 0.36
22.65 0.455
22.95 0.56
23.1 0.73
23.4 0.96
23.7 1.2
24 1.46
24.15 1.815
24.45 2.05
24.6 2.305
24.9 2.365
25.2 2.31
25.35 2.115
25.65 1.85
25.95 1.515
26.25 1.23
26.55 1
26.7 0.835
27 0.71
27.3 0.675
27.6 0.74
27.9 0.8
27.9 0.93
28.2 1.125
28.5 1.375
28.8 1.685
29.1 2.015
29.25 2.365
29.55 2.66
29.85 2.835
30.15 2.94
30.3 2.93
30.6 2.81
30.9 2.56
31.05 2.3
31.35 2.03
31.5 1.8
31.8 1.675
31.95 1.665
31.95 1.665
31.95 1.66
31.95 1.6
31.95 1.59
31.95 1.585
31.95 1.64
31.95 1.655
31.95 1.66
31.95 1.66
31.95 1.665
31.95 1.655
31.95 1.68
31.95 1.655
31.95 1.59
31.95 1.6
31.95 1.6
31.95 1.6
31.95 1.67
31.95 1.65
31.95 1.655
31.95 1.65
31.95 1.655
31.95 1.685
31.95 1.67
